1.6982782751224004
2.51779941379334
3.3372300280724363
4.156549351076125
4.975736362577099
5.794770006683713
6.613629551032384
7.43229497618653
8.250747437577646
9.068969653248322
9.886946636406543
10.704666037893363
11.522119141498358
12.339300916691013
13.156211526937991
13.972856751268422
14.789248364353126
15.60540596072655
16.42135738430432
17.237139997552667
18.052801949082827
18.86840364907723
19.684019497617534
20.499739927767184
21.3156738481864
22.131951548032266
22.948728096338844
23.76618720272589
24.584545407448136
25.40405633936628
26.225014620344684
27.04775879507383
27.872672415595733
28.70018211795085
29.530751244828583
30.364867397408997
31.20302239038251
32.045683588101255
32.89325658234814
33.746040455093755
34.60417779172945
35.46760067719697
36.33596817992551
37.20857469065768
38.0841730666632
38.9606126252216
39.834364418561044
40.70119274986376
41.54114701993517
42.37954167242455
