1.8319464641266692
1.6935589730867278
2.651765810253494
2.512950094410375
3.4714705629436144
3.332266299357299
4.291037081896462
4.151493092777626
5.110441439512341
4.970616714208088
5.929659759132081
5.789624501036545
6.7486686072672075
6.6085052888235705
7.567445440728791
7.4272498470701285
8.385969108735223
8.245851348394478
9.204220409336179
9.064305869094323
10.022182698943274
9.882612919543462
10.839842553538354
10.700776003932972
11.657190480387337
11.518803210646542
12.474221679979873
12.336707837191708
13.29093685960949
13.154509057232735
14.10734310267149
13.97223264202839
14.92345480155919
14.789911754596998
15.739294667170192
15.607587842257733
16.55489483472035
16.425311661638435
17.370298094087786
17.243144479072836
18.185559283570054
18.061159496886958
19.00074689882541
18.8794435595072
19.81594498318707
19.698099188563077
20.63125537895096
20.517246978701433
21.44680042602137
21.337028351666195
22.262726185306136
22.157608611855203
23.079206228676497
22.979180167224673
23.89644596706833
23.80196566588189
24.71468738197652
24.62622063640617
25.53421388655129
25.4522349930782
26.355354870338612
26.280332468692777
27.17848926549488
27.110866682621808
28.00404719780392
27.944212192673856
28.83250845829656
28.780748620055792
29.66439620133018
29.620835939054164
30.50026405179066
30.464779483269535
31.34067484600471
31.312784279691417
32.18616970377378
32.164899866673785
33.0372271121181
33.894213016635746
34.757323854719736
35.62652336379756
35.6063841398221
36.50146748189936
36.46969266878174
37.381393117176586
37.330496363711745
38.26490534440874
38.186951594912216
39.14954550136814
39.02604326409811
40.03122126025258
39.86235284275763
40.90496786621324
40.699236330078826
41.747497860987835
41.53712846427293
42.58818667736228
42.37547529912869
